0.16000000000000000000
0.50000000000000000000
2.00000000000000000000
0.02000000000000000000
0.00500000000000000010
0.20000000000000001000
0.50000000000000000000
0.10000000000000001000
0.10000000000000001000
0.05000000000000000300
0.02000000000000000000
0.02000000000000000000
0.00000000000000000000
0.00000000000000000000

580.00000000000000000000
420.00000000000000000000

0.20000000000000001000
0.40000000000000002000
1.35000000000000010000
0.02500000000000000100
0.01499999999999999900
0.10000000000000001000
1.00000000000000000000
0.20000000000000001000
0.05000000000000000300
0.00000000000000000000
0.04000000000000000100
0.02000000000000000000
0.20000000000000001000
0.00000000000000000000

600.00000000000000000000
420.00000000000000000000

0.16000000000000000000
0.50000000000000000000
2.00000000000000000000
0.02000000000000000000
0.00500000000000000010
0.20000000000000001000
0.50000000000000000000
0.10000000000000001000
0.10000000000000001000
0.05000000000000000300
0.02000000000000000000
0.02000000000000000000
0.00000000000000000000
0.00000000000000000000

580.00000000000000000000
420.00000000000000000000

0.28000000000000003000
0.00000000000000000000
1.64999999999999990000
0.02999999999999999900
0.02999999999999999900
0.00000000000000000000
0.00000000000000000000
0.00000000000000000000
0.00000000000000000000
0.00000000000000000000
0.00000000000000000000
0.00000000000000000000
0.00000000000000000000
0.00000000000000000000

415.00000000000000000000
290.00000000000000000000

0.32000000000000001000
0.40000000000000002000
0.59999999999999998000
0.02999999999999999900
0.03500000000000000300
0.00000000000000000000
0.00000000000000000000
0.00000000000000000000
0.00000000000000000000
0.00000000000000000000
0.02000000000000000000
0.00000000000000000000
0.00000000000000000000
0.00000000000000000000

575.00000000000000000000
300.00000000000000000000

0.02000000000000000000
1.00000000000000000000
2.00000000000000000000
0.04000000000000000100
0.02999999999999999900
0.00000000000000000000
25.00000000000000000000
0.00000000000000000000
0.00000000000000000000
0.00000000000000000000
0.00000000000000000000
0.10000000000000001000
1.50000000000000000000
0.00000000000000000000

490.00000000000000000000
215.00000000000000000000

0.20000000000000001000
0.40000000000000002000
1.50000000000000000000
0.02500000000000000100
0.01499999999999999900
0.10000000000000001000
1.00000000000000000000
0.20000000000000001000
0.05000000000000000300
0.00000000000000000000
0.04000000000000000100
0.02000000000000000000
0.20000000000000001000
0.00000000000000000000

580.00000000000000000000
420.00000000000000000000

0.04000000000000000100
0.02999999999999999900
0.17999999999999999000
0.02000000000000000000
0.02000000000000000000
0.02000000000000000000
0.08000000000000000200
0.00000000000000000000
0.00000000000000000000
0.00000000000000000000
0.02000000000000000000
0.00800000000000000020
0.00000000000000000000
0.00000000000000000000

310.00000000000000000000
210.00000000000000000000

0.08000000000000000200
0.80000000000000004000
2.00000000000000000000
0.03500000000000000300
0.02000000000000000000
0.29999999999999999000
9.00000000000000000000
0.20000000000000001000
0.00000000000000000000
0.69999999999999996000
0.00000000000000000000
0.00000000000000000000
0.40000000000000002000
17.0000000000000000000

610.00000000000000000000
275.00000000000000000000
0.14999999999999999000
1.00000000000000000000
7.50000000000000000000
0.05999999999999999800
0.02999999999999999900
0.00000000000000000000
4.00000000000000000000
0.00000000000000000000
0.00000000000000000000
0.00000000000000000000
0.00000000000000000000
0.25000000000000000000
0.00000000000000000000
17.00000000000000000000

515.00000000000000000000
275.00000000000000000000

0.17999999999999999000
0.80000000000000004000
2.50000000000000000000
0.08000000000000000200
0.01499999999999999900
0.00000000000000000000
0.00000000000000000000
0.20000000000000001000
0.07499999999999999700
0.07499999999999999700
2.00000000000000000000
0.00000000000000000000
0.00000000000000000000
1.00000000000000000000

780.00000000000000000000
450.00000000000000000000

0.05000000000000000300
0.50000000000000000000
0.29999999999999999000
0.04000000000000000100
0.04000000000000000100
0.87000000000000000000
0.00000000000000000000
0.02999999999999999900
0.00000000000000000000
0.00000000000000000000
0.00000000000000000000
0.00000000000000000000
0.00000000000000000000
1.89999999999999990000

415.00000000000000000000
205.00000000000000000000

0.50000000000000000000
0.25000000000000000000
7.00000000000000000000
0.04499999999999999800
0.02999999999999999900
0.00000000000000000000
1.50000000000000000000
0.00000000000000000000
0.00000000000000000000
0.00000000000000000000
0.00000000000000000000
0.20000000000000001000
0.00000000000000000000
19.50000000000000000000

750.00000000000000000000
475.00000000000000000000

0.20000000000000001000
0.10000000000000001000
1.00000000000000000000
0.02500000000000000100
0.01499999999999999900
0.10000000000000001000
1.00000000000000000000
0.20000000000000001000
0.05000000000000000300
0.00000000000000000000
0.02000000000000000000
0.02000000000000000000
0.20000000000000001000
0.29999999999999999000

530.00000000000000000000
420.00000000000000000000

0.08000000000000000200
2.29999999999999980000
0.50000000000000000000
0.00000000000000000000
0.00000000000000000000
0.00000000000000000000
19.00000000000000000000
0.00000000000000000000
0.00000000000000000000
0.00000000000000000000
0.00000000000000000000
0.00000000000000000000
0.00000000000000000000
23.00000000000000000000

675.00000000000000000000
335.00000000000000000000

0.17999999999999999000
0.50000000000000000000
1.10000000000000010000
0.02500000000000000100
0.01000000000000000000
0.08000000000000000200
0.50000000000000000000
0.10000000000000001000
0.05000000000000000300
0.02999999999999999900
0.02000000000000000000
0.01200000000000000000
0.29999999999999999000
0.00000000000000000000

490.00000000000000000000
355.00000000000000000000

0.16000000000000000000
0.59999999999999998000
1.80000000000000000000
0.02000000000000000000
0.01499999999999999900
0.50000000000000000000
0.80000000000000004000
0.20000000000000001000
0.08999999999999999700
0.14999999999999999000
0.01499999999999999900
0.02500000000000000100
0.55000000000000004000
0.29999999999999999000

600.00000000000000000000
550.00000000000000000000

0.12000000000000000000
0.50000000000000000000
1.80000000000000000000
0.02500000000000000100
0.01499999999999999900
0.00000000000000000000
0.00000000000000000000
0.20000000000000001000
0.08999999999999999700
0.14999999999999999000
0.01499999999999999900
0.00000000000000000000
0.00000000000000000000
0.00000000000000000000

600.00000000000000000000
550.00000000000000000000

0.17999999999999999000
0.80000000000000004000
2.50000000000000000000
0.08000000000000000200
0.01499999999999999900
0.00000000000000000000
0.00000000000000000000
0.20000000000000001000
0.00000000000000000000
0.00000000000000000000
2.00000000000000000000
0.00000000000000000000
0.00000000000000000000
0.00000000000000000000

780.00000000000000000000
450.00000000000000000000

0.16000000000000000000
0.59999999999999998000
2.00000000000000000000
0.02500000000000000100
0.01000000000000000000
0.20000000000000001000
0.50000000000000000000
0.10000000000000001000
0.10000000000000001000
0.05000000000000000300
0.02000000000000000000
0.02000000000000000000
0.00000000000000000000
0.59999999999999998000

530.00000000000000000000
460.00000000000000000000

0.04000000000000000100
0.02999999999999999900
0.17999999999999999000
0.02000000000000000000
0.02000000000000000000
0.02000000000000000000
0.08000000000000000200
0.00000000000000000000
0.00000000000000000000
0.00000000000000000000
0.02000000000000000000
0.00800000000000000020
0.00000000000000000000
0.08000000000000000200

325.00000000000000000000
225.00000000000000000000

0.94999999999999996000
0.14999999999999999000
0.29999999999999999000
0.02500000000000000100
0.02500000000000000100
0.10000000000000001000
0.40000000000000002000
0.00000000000000000000
0.00000000000000000000
0.00000000000000000000
0.00000000000000000000
0.00000000000000000000
0.00000000000000000000
0.40000000000000002000

650.00000000000000000000
550.00000000000000000000

0.08000000000000000200
0.50000000000000000000
0.29999999999999999000
0.02500000000000000100
0.02000000000000000000
0.90000000000000002000
0.29999999999999999000
0.00000000000000000000
0.00000000000000000000
0.00000000000000000000
0.04000000000000000100
0.00000000000000000000
0.29999999999999999000
2.00000000000000000000

480.00000000000000000000
280.00000000000000000000

0.16000000000000000000
0.59999999999999998000
1.89999999999999990000
0.02000000000000000000
0.01499999999999999900
0.50000000000000000000
0.80000000000000004000
0.20000000000000001000
0.08999999999999999700
0.22000000000000000000
0.01499999999999999900
0.02500000000000000100
0.55000000000000004000
0.29999999999999999000

650.00000000000000000000
600.00000000000000000000

0.08000000000000000200
1.00000000000000000000
2.00000000000000000000
0.04000000000000000100
0.02999999999999999900
0.00000000000000000000
8.00000000000000000000
0.00000000000000000000
0.00000000000000000000
0.00000000000000000000
0.00000000000000000000
0.00000000000000000000
0.00000000000000000000
17.00000000000000000000

500.00000000000000000000
190.00000000000000000000

0.02999999999999999900
1.00000000000000000000
2.00000000000000000000
0.04499999999999999800
0.02999999999999999900
0.00000000000000000000
8.00000000000000000000
0.00000000000000000000
0.00000000000000000000
0.00000000000000000000
0.00000000000000000000
0.10000000000000001000
0.00000000000000000000
17.50000000000000000000

485.00000000000000000000
170.00000000000000000000

0.17999999999999999000
0.80000000000000004000
2.50000000000000000000
0.08000000000000000200
0.01499999999999999900
0.00000000000000000000
0.00000000000000000000
0.20000000000000001000
0.00000000000000000000
0.00000000000000000000
2.00000000000000000000
0.00000000000000000000
0.00000000000000000000
0.00000000000000000000

780.00000000000000000000
450.00000000000000000000

0.04000000000000000100
0.02999999999999999900
0.17999999999999999000
0.02000000000000000000
0.02000000000000000000
0.02000000000000000000
0.08000000000000000200
0.00000000000000000000
0.00000000000000000000
0.00000000000000000000
0.02000000000000000000
0.00800000000000000020
0.00000000000000000000
0.08000000000000000200

340.00000000000000000000
240.00000000000000000000

0.40000000000000002000
0.04000000000000000100
1.30000000000000000000
0.05999999999999999800
0.23999999999999999000
0.00000000000000000000
0.00000000000000000000
0.00000000000000000000
0.00000000000000000000
0.00000000000000000000
0.00000000000000000000
0.00000000000000000000
0.00000000000000000000
0.00000000000000000000

630.00000000000000000000
530.00000000000000000000

0.17999999999999999000
0.80000000000000004000
2.50000000000000000000
0.08000000000000000200
0.01499999999999999900
0.00000000000000000000
0.00000000000000000000
0.20000000000000001000
0.00000000000000000000
0.00000000000000000000
2.00000000000000000000
0.00000000000000000000
0.00000000000000000000
0.00000000000000000000

780.00000000000000000000
450.00000000000000000000

0.12000000000000000000
0.75000000000000000000
1.00000000000000000000
0.05999999999999999800
0.03500000000000000300
0.00000000000000000000
0.00000000000000000000
0.00000000000000000000
0.00000000000000000000
0.00000000000000000000
0.00000000000000000000
0.00899999999999999930
0.25000000000000000000
0.29999999999999999000

470.00000000000000000000
355.00000000000000000000

0.20000000000000001000
0.55000000000000004000
1.60000000000000010000
0.02999999999999999900
0.02999999999999999900
0.00000000000000000000
0.00000000000000000000
0.00000000000000000000
0.00000000000000000000
0.00000000000000000000
0.00000000000000000000
0.12000000000000000000
0.55000000000000004000
0.00000000000000000000

470.00000000000000000000
355.00000000000000000000

0.05000000000000000300
0.14999999999999999000
0.29999999999999999000
0.02000000000000000000
0.01000000000000000000
0.90000000000000002000
0.00000000000000000000
0.20000000000000001000
0.00000000000000000000
0.05999999999999999800
0.02999999999999999900
0.12000000000000000000
0.75000000000000000000
2.20000000000000020000

620.00000000000000000000
415.00000000000000000000
0.08000000000000000200
1.00000000000000000000
1.00000000000000000000
0.04000000000000000100
0.01499999999999999900
0.20000000000000001000
1.00000000000000000000
0.00000000000000000000
0.00000000000000000000
0.29999999999999999000
0.00000000000000000000
0.00000000000000000000
0.00000000000000000000
13.50000000000000000000

550.00000000000000000000
420.00000000000000000000

0.16000000000000000000
0.59999999999999998000
2.00000000000000000000
0.02000000000000000000
0.00500000000000000010
0.20000000000000001000
0.50000000000000000000
0.10000000000000001000
0.10000000000000001000
0.05000000000000000300
0.02000000000000000000
0.02000000000000000000
0.30000000000000000000
0.30000000000000000000

530.00000000000000000000
460.00000000000000000000

0.20000000000000001000
0.50000000000000000000
1.10000000000000010000
0.02500000000000000100
0.00800000000000000020
0.10000000000000001000
0.80000000000000004000
0.20000000000000001000
0.05000000000000000300
0.02999999999999999900
0.02000000000000000000
0.02500000000000000100
0.69999999999999996000
0.29999999999999999000

570.00000000000000000000
460.00000000000000000000

0.20000000000000001000
0.59999999999999998000
1.00000000000000000000
0.02500000000000000100
0.00500000000000000010
0.10000000000000001000
0.80000000000000004000
0.20000000000000001000
0.05000000000000000300
0.04000000000000000100
0.02000000000000000000
0.02000000000000000000
0.69999999999999996000
0.29999999999999999000

560.00000000000000000000
450.00000000000000000000

0.20000000000000001000
0.59999999999999998000
1.00000000000000000000
0.02500000000000000100
0.01499999999999999900
0.10000000000000001000
0.10000000000000001000
0.20000000000000001000
0.05000000000000000300
0.02999999999999999900
0.02000000000000000000
0.02000000000000000000
0.69999999999999996000
0.29999999999999999000

560.00000000000000000000
450.00000000000000000000

0.08000000000000000200
0.20000000000000001000
0.29999999999999999000
0.02000000000000000000
0.01000000000000000000
0.84999999999999998000
0.40000000000000002000
0.17999999999999999000
0.05999999999999999800
0.01000000000000000000
0.02000000000000000000
0.02999999999999999900
0.00000000000000000000
8.00000000000000000000

585.00000000000000000000
415.00000000000000000000

0.16000000000000000000
0.59999999999999998000
2.00000000000000000000
0.02500000000000000100
0.00500000000000000010
0.29999999999999999000
0.50000000000000000000
0.10000000000000001000
0.10000000000000001000
0.05000000000000000300
0.02000000000000000000
0.02000000000000000000
0.00000000000000000000
0.00000000000000000000

530.00000000000000000000
460.00000000000000000000

0.04000000000000000100
0.02999999999999999900
0.17999999999999999000
0.02000000000000000000
0.02000000000000000000
0.02000000000000000000
0.08000000000000000200
0.00000000000000000000
0.00000000000000000000
0.00000000000000000000
0.02000000000000000000
0.00800000000000000020
0.00000000000000000000
0.08000000000000000200

385.00000000000000000000
365.00000000000000000000

0.20000000000000001000
0.50000000000000000000
1.10000000000000010000
0.02500000000000000100
0.00800000000000000020
0.10000000000000001000
0.80000000000000004000
0.20000000000000001000
0.05000000000000000300
0.02999999999999999900
0.02000000000000000000
0.02500000000000000100
0.69999999999999996000
0.29999999999999999000

570.00000000000000000000
460.00000000000000000000

0.20000000000000001000
0.59999999999999998000
1.00000000000000000000
0.02500000000000000100
0.00800000000000000020
0.10000000000000001000
0.80000000000000004000
0.20000000000000001000
0.05000000000000000300
0.04000000000000000100
0.02000000000000000000
0.02000000000000000000
0.69999999999999996000
0.29999999999999999000

560.00000000000000000000
450.00000000000000000000

0.20000000000000001000
0.59999999999999998000
1.00000000000000000000
0.02500000000000000100
0.02000000000000000000
0.10000000000000001000
0.80000000000000001000
0.20000000000000001000
0.05000000000000000300
0.02999999999999999900
0.02000000000000000000
0.02000000000000000000
0.69999999999999996000
0.29999999999999999000

560.00000000000000000000
450.00000000000000000000

0.29999999999999999000
0.10000000000000001000
0.28999999999999998000
0.05000000000000000000
0.05800000000000000300
0.14999999999999999000
0.40000000000000002000
0.08000000000000000200
0.00000000000000000000
0.00000000000000000000
0.00000000000000000000
0.12000000000000000000
0.40000000000000002000
0.40000000000000002000

415.00000000000000000000
240.00000000000000000000

0.20000000000000001000
0.50000000000000000000
1.10000000000000010000
0.02500000000000000100
0.01000000000000000000
0.10000000000000001000
0.80000000000000004000
0.20000000000000001000
0.05000000000000000300
0.02999999999999999900
0.02000000000000000000
0.02500000000000000100
0.69999999999999996000
0.29999999999999999000

570.00000000000000000000
460.00000000000000000000

0.20000000000000001000
0.59999999999999998000
1.00000000000000000000
0.02249999999999999900
0.01000000000000000000
0.10000000000000001000
0.80000000000000004000
0.20000000000000001000
0.05000000000000000300
0.04000000000000000100
0.02000000000000000000
0.02000000000000000000
0.69999999999999996000
0.29999999999999999000

560.00000000000000000000
450.00000000000000000000

0.20000000000000001000
0.59999999999999998000
1.00000000000000000000
0.02500000000000000100
0.02000000000000000000
0.10000000000000001000
0.80000000000000004000
0.20000000000000001000
0.05000000000000000300
0.02999999999999999900
0.02000000000000000000
0.02000000000000000000
0.69999999999999996000
0.29999999999999999000

560.00000000000000000000
450.00000000000000000000

0.12000000000000000000
0.80000000000000004000
2.00000000000000000000
0.03500000000000000300
0.02000000000000000000
0.50000000000000000000
9.00000000000000000000
0.20000000000000001000
0.00000000000000000000
0.80000000000000004000
0.00000000000000000000
0.00000000000000000000
0.40000000000000002000
17.00000000000000000000

550.00000000000000000000
225.00000000000000000000

0.34999999999999998000
0.10000000000000001000
0.28999999999999998000
0.05000000000000000300
0.05800000000000000300
0.14999999999999999000
0.40000000000000002000
0.08000000000000000200
0.00000000000000000000
0.00000000000000000000
0.00000000000000000000
0.00000000000000000000
0.40000000000000002000
0.40000000000000002000

485.00000000000000000000
275.00000000000000000000
0.20000000000000001000
0.65000000000000002000
0.50000000000000000000
0.02999999999999999900
0.02999999999999999900
0.29999999999999999000
0.65000000000000002000
0.02000000000000000000
0.01600000000000000000
0.05000000000000000300
0.20000000000000001000
0.02500000000000000100
0.25000000000000000000
0.40000000000000002000

540.00000000000000000000
460.00000000000000000000

0.20000000000000001000
0.59999999999999998000
1.00000000000000000000
0.02500000000000000100
0.02000000000000000000
0.10000000000000001000
0.80000000000000004000
0.20000000000000001000
0.05000000000000000300
0.04000000000000000100
0.02000000000000000000
0.02000000000000000000
0.69999999999999996000
0.29999999999999999000

560.00000000000000000000
450.00000000000000000000

0.20000000000000001000
0.59999999999999998000
1.00000000000000000000
0.02500000000000000100
0.02000000000000000000
0.10000000000000001000
0.80000000000000004000
0.20000000000000001000
0.05000000000000000300
0.02999999999999999900
0.02000000000000000000
0.02000000000000000000
0.69999999999999996000
0.29999999999999999000

560.00000000000000000000
450.00000000000000000000

0.16000000000000000000
0.50000000000000000000
1.50000000000000000000
0.02999999999999999900
0.02500000000000000100
0.10000000000000001000
0.29999999999999999000
0.08000000000000000200
0.08999999999999999700
0.05999999999999999800
0.02000000000000000000
0.01499999999999999900
0.55000000000000004000
0.29999999999999999000

360.00000000000000000000
275.00000000000000000000

0.08000000000000000200
0.80000000000000004000
2.00000000000000000000
0.03500000000000000300
0.02000000000000000000
0.29999999999999999000
11.00000000000000000000
0.20000000000000001000
1.10000000000000010000
0.20000000000000001000
0.00000000000000000000
0.00000000000000000000
0.29999999999999999000
17.00000000000000000000

500.00000000000000000000
180.00000000000000000000

0.17999999999999999000
0.50000000000000000000
1.10000000000000010000
0.02000000000000000000
0.00500000000000000010
0.08000000000000000200
0.50000000000000000000
0.10000000000000001000
0.05000000000000000300
0.02999999999999999900
0.02000000000000000000
0.01200000000000000000
0.29999999999999999000
0.29999999999999999000

490.00000000000000000000
355.00000000000000000000

0.17999999999999999000
0.50000000000000000000
0.90000000000000002000
0.02500000000000000100
0.00500000000000000010
0.08000000000000000200
0.50000000000000000000
0.10000000000000001000
0.05000000000000000300
0.04000000000000000100
0.02000000000000000000
0.02000000000000000000
0.29999999999999999000
0.29999999999999999000

490.00000000000000000000
355.00000000000000000000

0.17999999999999999000
0.50000000000000000000
0.90000000000000002000
0.02500000000000000100
0.01499999999999999900
0.08000000000000000200
0.50000000000000000000
0.10000000000000001000
0.05000000000000000300
0.02999999999999999900
0.02000000000000000000
0.02000000000000000000
0.29999999999999999000
0.29999999999999999000

490.00000000000000000000
355.00000000000000000000

0.17999999999999999000
0.50000000000000000000
1.10000000000000010000
0.02500000000000000100
0.00800000000000000020
0.08000000000000000200
0.50000000000000000000
0.10000000000000001000
0.05000000000000000300
0.02999999999999999900
0.02000000000000000000
0.01200000000000000000
0.29999999999999999000
0.29999999999999999000

490.00000000000000000000
355.00000000000000000000

0.17999999999999999000
0.50000000000000000000
0.90000000000000002000
0.02500000000000000100
0.00800000000000000020
0.08000000000000000200
0.50000000000000000000
0.10000000000000001000
0.05000000000000000300
0.04000000000000000100
0.02000000000000000000
0.00000000000000000000
0.29999999999999999000
0.29999999999999999000

490.00000000000000000000
355.00000000000000000000

0.17999999999999999000
0.50000000000000000000
0.90000000000000002000
0.02500000000000000100
0.02000000000000000000
0.08000000000000000200
0.50000000000000000000
0.10000000000000000000
0.05000000000000000300
0.02999999999999999900
0.02000000000000000000
0.02000000000000000000
0.29999999999999999000
0.29999999999999999000

490.00000000000000000000
355.00000000000000000000

0.17999999999999999000
0.50000000000000000000
0.90000000000000002000
0.02500000000000000100
0.02000000000000000000
0.08000000000000000200
0.50000000000000000000
0.10000000000000001000
0.05000000000000000300
0.04000000000000000100
0.02000000000000000000
0.02000000000000000000
0.29999999999999999000
0.29999999999999999000

490.00000000000000000000
345.00000000000000000000

0.20000000000000001000
0.00000000000000000000
0.40000000000000002000
0.04499999999999999800
0.05000000000000000300
0.00000000000000000000
1.60000000000000010000
0.02999999999999999900
0.00000000000000000000
0.00000000000000000000
0.00000000000000000000
0.00000000000000000000
0.75000000000000000000
0.00000000000000000000

435.00000000000000000000
315.00000000000000000000

0.02999999999999999900
0.69999999999999996000
1.50000000000000000000
0.01499999999999999900
0.01000000000000000000
0.00000000000000000000
30.00000000000000000000
0.00000000000000000000
0.10000000000000001000
0.20000000000000001000
0.20000000000000001000
0.00000000000000000000
0.50000000000000000000
19.00000000000000000000

500.00000000000000000000
210.00000000000000000000

0.17999999999999999000
0.50000000000000000000
1.10000000000000010000
0.02500000000000000100
0.01000000000000000000
0.08000000000000000200
0.50000000000000000000
0.10000000000000001000
0.05000000000000000300
0.02999999999999999900
0.02000000000000000000
0.01200000000000000000
0.29999999999999999000
0.29999999999999999000

490.00000000000000000000
355.00000000000000000000

0.20000000000000001000
0.50000000000000000000
0.90000000000000002000
0.02500000000000000100
0.01000000000000000000
0.08000000000000000200
0.50000000000000000000
0.10000000000000001000
0.05000000000000000300
0.04000000000000000100
0.02000000000000000000
0.02000000000000000000
0.29999999999999999000
0.29999999999999999000

355.00000000000000000000
490.00000000000000000000

0.20000000000000001000
0.50000000000000000000
0.90000000000000002000
0.02500000000000000100
0.02000000000000000000
0.08000000000000000200
0.50000000000000000000
0.10000000000000001000
0.05000000000000000300
0.02999999999999999900
0.02000000000000000000
0.02000000000000000000
0.30000000000000000000
0.29999999999999999000

490.00000000000000000000
355.00000000000000000000

0.20000000000000001000
0.10000000000000001000
0.90000000000000002000
0.02500000000000000100
0.01499999999999999900
0.08000000000000000200
0.29999999999999999000
0.10000000000000001000
0.05000000000000000300
0.00000000000000000000
0.02000000000000000000
0.02000000000000000000
0.20000000000000001000
0.29999999999999999000

490.00000000000000000000
355.00000000000000000000

0.20000000000000001000
0.50000000000000000000
0.90000000000000002000
0.02500000000000000100
0.01499999999999999900
0.08000000000000000200
0.29999999999999999000
0.10000000000000001000
0.05000000000000000300
0.00000000000000000000
0.02000000000000000000
0.02000000000000000000
0.20000000000000001000
0.29999999999999999000

490.00000000000000000000
345.00000000000000000000

0.17999999999999999000
0.50000000000000000000
1.10000000000000010000
0.02500000000000000100
0.01000000000000000000
0.08000000000000000200
0.50000000000000000000
0.10000000000000001000
0.05000000000000000300
0.02999999999999999900
0.02000000000000000000
0.01200000000000000000
0.29999999999999999000
0.29999999999999999000

490.00000000000000000000
355.00000000000000000000

0.14999999999999999000
0.50000000000000000000
1.00000000000000000000
0.00000000000000000000
0.01499999999999999900
0.00000000000000000000
72.00000000000000000000
0.00000000000000000000
0.00000000000000000000
0.00000000000000000000
0.00000000000000000000
0.00000000000000000000
0.50000000000000000000
14.00000000000000000000

825.00000000000000000000
620.00000000000000000000

0.20000000000000001000
0.59999999999999998000
1.00000000000000000000
0.02999999999999999900
0.02500000000000000100
0.10000000000000001000
0.80000000000000004000
0.20000000000000001000
0.05000000000000000300
0.02999999999999999900
0.02500000000000000100
0.02500000000000000100
0.69999999999999996000
0.29999999999999999000

540.00000000000000000000
460.00000000000000000000

0.01000000000000000000
1.50000000000000000000
2.00000000000000000000
0.04499999999999999800
0.01499999999999999900
0.00000000000000000000
19.00000000000000000000
0.00000000000000000000
0.00000000000000000000
0.00000000000000000000
0.00000000000000000000
0.10000000000000001000
0.00000000000000000000
24.00000000000000000000

500.00000000000000000000
210.00000000000000000000

0.08000000000000000200
1.00000000000000000000
1.00000000000000000000
0.04000000000000000100
0.01499999999999999900
0.00000000000000000000
0.00000000000000000000
0.00000000000000000000
0.00000000000000000000
0.00000000000000000000
0.10000000000000001000
0.00000000000000000000
0.00000000000000000000
12.00000000000000000000

400.00000000000000000000
210.00000000000000000000

0.94999999999999996000
1.00000000000000000000
1.00000000000000000000
0.04000000000000000100
0.01499999999999999900
0.00000000000000000000
0.00000000000000000000
0.00000000000000000000
0.00000000000000000000
0.00000000000000000000
0.00000000000000000000
0.00000000000000000000
0.00000000000000000000
16.00000000000000000000

825.00000000000000000000
570.00000000000000000000

0.16000000000000000000
0.40000000000000002000
0.59999999999999998000
0.02000000000000000000
0.00500000000000000010
0.08000000000000000200
0.50000000000000000000
0.05000000000000000300
0.05000000000000000300
0.02999999999999999900
0.02000000000000000000
0.01200000000000000000
0.29999999999999999000
0.29999999999999999000

265.00000000000000000000
390.00000000000000000000

0.16000000000000000000
0.40000000000000002000
0.50000000000000000000
0.02500000000000000100
0.00500000000000000010
0.08000000000000000200
0.50000000000000000000
0.05000000000000000300
0.05000000000000000300
0.04000000000000000100
0.02000000000000000000
0.02000000000000000000
0.29999999999999999000
0.29999999999999999000

390.00000000000000000000
275.00000000000000000000

0.16000000000000000000
0.40000000000000002000
0.50000000000000000000
0.02500000000000000100
0.01499999999999999900
0.08000000000000000200
0.50000000000000000000
0.05000000000000000300
0.05000000000000000300
0.02999999999999999900
0.02000000000000000000
0.02000000000000000000
0.29999999999999999000
0.29999999999999999000

390.00000000000000000000
275.00000000000000000000

0.20000000000000001000
0.00000000000000000000
1.50000000000000000000
0.02999999999999999900
0.02999999999999999900
0.00000000000000000000
0.00000000000000000000
0.00000000000000000000
0.00000000000000000000
0.00000000000000000000
0.00000000000000000000
0.00000000000000000000
0.00000000000000000000
0.00000000000000000000

410.00000000000000000000
275.00000000000000000000

0.04000000000000000100
0.02999999999999999900
0.17999999999999999000
0.02000000000000000000
0.02000000000000000000
0.02000000000000000000
0.08000000000000000200
0.00000000000000000000
0.00000000000000000000
0.00000000000000000000
0.02000000000000000000
0.00800000000000000020
0.00000000000000000000
0.08000000000000000200

385.00000000000000000000
365.00000000000000000000

0.20000000000000001000
0.59999999999999998000
1.00000000000000000000
0.02500000000000000100
0.02500000000000000100
0.10000000000000001000
0.80000000000000004000
0.20000000000000001000
0.05000000000000000300
0.05000000000000000300
0.02000000000000000000
0.02500000000000000100
0.55000000000000004000
0.29999999999999999000

540.00000000000000000000
460.00000000000000000000

0.16000000000000000000
0.40000000000000002000
0.59999999999999998000
0.02500000000000000100
0.00800000000000000020
0.08000000000000000200
0.50000000000000000000
0.05000000000000000300
0.05000000000000000300
0.02999999999999999900
0.02000000000000000000
0.01200000000000000000
0.29999999999999999000
0.29999999999999999000

390.00000000000000000000
275.00000000000000000000

0.16000000000000000000
0.40000000000000002000
0.50000000000000000000
0.02500000000000000100
0.00800000000000000020
0.08000000000000000200
0.50000000000000000000
0.05000000000000000300
0.05000000000000000300
0.04000000000000000100
0.02000000000000000000
0.02000000000000000000
0.29999999999999999000
0.29999999999999999000

390.00000000000000000000
275.00000000000000000000

0.16000000000000000000
0.40000000000000002000
0.50000000000000000000
0.02500000000000000100
0.02000000000000000000
0.08000000000000000200
0.50000000000000000000
0.05000000000000000300
0.05000000000000000300
0.02999999999999999900
0.02000000000000000000
0.02000000000000000000
0.29999999999999999000
0.29999999999999999000

390.00000000000000000000
275.00000000000000000000

0.02999999999999999900
1.00000000000000000000
1.00000000000000000000
0.04000000000000000100
0.01499999999999999900
0.00000000000000000000
0.00000000000000000000
0.00000000000000000000
1.00000000000000000000
0.10000000000000001000
0.00000000000000000000
0.00000000000000000000
0.00000000000000000000
17.50000000000000000000

480.00000000000000000000
300.00000000000000000000

0.16000000000000000000
0.50000000000000000000
0.50000000000000000000
0.03500000000000000300
0.03500000000000000300
0.29999999999999999000
0.65000000000000002000
0.00000000000000000000
0.00000000000000000000
0.00000000000000000000
0.02000000000000000000
0.00000000000000000000
0.25000000000000000000
0.29999999999999999000

510.00000000000000000000
355.00000000000000000000

0.02500000000000000100
0.00000000000000000000
2.00000000000000000000
0.02000000000000000000
0.02999999999999999900
2.00000000000000000000
21.00000000000000000000
0.00000000000000000000
0.00000000000000000000
0.00000000000000000000
0.00000000000000000000
0.00000000000000000000
0.00000000000000000000
24.00000000000000000000

540.00000000000000000000
255.00000000000000000000

0.20000000000000001000
0.40000000000000002000
1.39999999999999990000
0.02500000000000000100
0.02000000000000000000
0.08000000000000000200
0.29999999999999999000
0.02000000000000000000
0.01000000000000000000
0.04000000000000000100
0.02000000000000000000
0.00000000000000000000
0.29999999999999999000
0.29999999999999999000

410.00000000000000000000
265.00000000000000000000

2.60000000000000010000
1.50000000000000000000
0.50000000000000000000
0.08000000000000000200
0.00000000000000000000
0.00000000000000000000
28.00000000000000000000
0.00000000000000000000
0.00000000000000000000
0.00000000000000000000
0.00000000000000000000
0.00000000000000000000
0.50000000000000000000
2.50000000000000000000

390.00000000000000000000
240.00000000000000000000

0.20000000000000001000
0.00000000000000000000
0.40000000000000002000
0.02999999999999999900
0.02999999999999999900
0.00000000000000000000
1.60000000000000010000
0.00000000000000000000
0.00000000000000000000
0.00000000000000000000
0.00000000000000000000
0.00000000000000000000
0.75000000000000000000
0.00000000000000000000

435.00000000000000000000
315.00000000000000000000

0.25000000000000000000
0.80000000000000004000
1.70000000000000000000
0.02500000000000000100
0.01499999999999999900
0.69999999999999996000
2.00000000000000000000
0.16000000000000000000
0.05999999999999999800
0.05000000000000000300
0.00000000000000000000
0.02000000000000000000
0.50000000000000000000
1.50000000000000000000

590.00000000000000000000
500.00000000000000000000

0.20000000000000001000
0.80000000000000004000
1.20000000000000000000
0.02000000000000000000
0.01000000000000000000
0.69999999999999996000
2.50000000000000000000
0.12000000000000000000
0.05999999999999999800
0.05000000000000000300
0.02000000000000000000
0.01499999999999999900
0.29999999999999999000
1.50000000000000000000

670.00000000000000000000
590.00000000000000000000

0.20000000000000001000
0.40000000000000002000
1.39999999999999990000
0.02500000000000000100
0.02000000000000000000
0.08000000000000000200
0.29999999999999999000
0.02000000000000000000
0.01000000000000000000
0.04000000000000000100
0.00000000000000000000
0.00000000000000000000
0.29999999999999999000
0.29999999999999999000

410.00000000000000000000
265.00000000000000000000

0.22000000000000000000
0.00000000000000000000
1.50000000000000000000
0.03500000000000000300
0.03500000000000000300
0.00000000000000000000
0.00000000000000000000
0.00000000000000000000
0.00000000000000000000
0.00000000000000000000
0.00000000000000000000
0.01200000000000000000
0.00000000000000000000
0.00000000000000000000

410.00000000000000000000
275.00000000000000000000

0.25000000000000000000
0.80000000000000004000
1.70000000000000000000
0.02000000000000000000
0.01000000000000000000
0.69999999999999996000
2.00000000000000000000
0.16000000000000000000
0.05999999999999999800
0.05000000000000000300
0.00000000000000000000
0.02000000000000000000
0.50000000000000000000
1.50000000000000000000

590.00000000000000000000
500.00000000000000000000

0.05000000000000000300
0.50000000000000000000
0.29999999999999999000
0.04000000000000000100
0.04000000000000000100
0.87000000000000000000
0.00000000000000000000
0.02000000000000000000
0.00000000000000000000
0.00000000000000000000
0.00000000000000000000
0.00000000000000000000
0.00000000000000000000
1.89999999999999990000

415.00000000000000000000
205.00000000000000000000
0.04000000000000000100
0.69999999999999996000
2.00000000000000000000
0.03500000000000000300
0.01499999999999999900
0.00000000000000000000
12.00000000000000000000
0.00000000000000000000
0.00000000000000000000
0.00000000000000000000
0.00000000000000000000
0.10000000000000001000
0.00000000000000000000
22.00000000000000000000

510.00000000000000000000
200.00000000000000000000

0.08999999999999999700
0.02999999999999999900
0.29999999999999999000
0.02000000000000000000
0.02000000000000000000
0.02000000000000000000
0.08000000000000000200
0.00000000000000000000
0.00000000000000000000
0.00000000000000000000
0.02000000000000000000
0.00800000000000000020
0.00000000000000000000
0.08000000000000000200

490.00000000000000000000
470.00000000000000000000

0.17000000000000001000
0.34999999999999998000
0.40000000000000002000
0.02500000000000000100
0.02000000000000000000
0.08000000000000000200
0.29999999999999999000
0.02000000000000000000
0.10000000000000001000
0.04000000000000000100
0.02000000000000000000
0.00000000000000000000
0.29999999999999999000
0.29999999999999999000

360.00000000000000000000
255.00000000000000000000

0.16000000000000000000
0.34999999999999998000
1.20000000000000000000
0.02500000000000000100
0.02000000000000000000
0.08000000000000000200
0.29999999999999999000
0.02000000000000000000
0.01000000000000000000
0.04000000000000000100
0.02000000000000000000
0.00000000000000000000
0.29999999999999999000
0.29999999999999999000

360.00000000000000000000
235.00000000000000000000

0.17999999999999999000
0.59999999999999998000
1.70000000000000000000
0.02000000000000000000
0.00500000000000000010
0.69999999999999996000
1.50000000000000000000
0.08000000000000000200
0.05000000000000000300
0.05000000000000000300
0.01499999999999999900
0.01499999999999999900
0.29999999999999999000
1.00000000000000000000

590.00000000000000000000
480.00000000000000000000

0.14999999999999999000
0.34999999999999998000
0.29999999999999999000
0.02000000000000000000
0.00500000000000000010
0.00000000000000000000
3.25000000000000000000
0.05000000000000000300
0.00000000000000000000
0.00000000000000000000
0.00000000000000000000
0.00000000000000000000
0.00000000000000000000
0.00000000000000000000

490.00000000000000000000
355.00000000000000000000

0.20000000000000001000
0.55000000000000004000
0.84999999999999998000
0.02999999999999999900
0.02500000000000000100
0.13000000000000000000
0.55000000000000004000
0.14000000000000001000
0.05999999999999999800
0.05999999999999999800
0.01499999999999999900
0.01700000000000000100
0.06000000000000000000
0.35000000000000000000

470.0000000000000000000
355.0000000000000000000

0.16000000000000000000
0.34999999999999998000
1.20000000000000000000
0.02500000000000000100
0.02000000000000000000
0.08000000000000000200
0.29999999999999999000
0.02000000000000000000
0.01000000000000000000
0.04000000000000000100
0.00000000000000000000
0.00000000000000000000
0.29999999999999999000
0.29999999999999999000

360.00000000000000000000
235.00000000000000000000

0.14999999999999999000
1.00000000000000000000
2.00000000000000000000
0.04499999999999999800
0.02999999999999999900
0.00000000000000000000
6.00000000000000000000
0.00000000000000000000
0.00000000000000000000
0.00000000000000000000
0.00000000000000000000
0.10000000000000001000
0.00000000000000000000
16.00000000000000000000

690.00000000000000000000
380.00000000000000000000

0.20000000000000001000
0.59999999999999998000
1.00000000000000000000
0.02500000000000000100
0.01499999999999999900
0.10000000000000001000
0.80000000000000004000
0.20000000000000001000
0.05000000000000000300
0.04000000000000000100
0.02000000000000000000
0.02000000000000000000
0.29999999999999999000
0.29999999999999999000

740.00000000000000000000
620.00000000000000000000

0.16000000000000000000
0.34999999999999998000
0.40000000000000002000
0.02500000000000000100
0.01000000000000000000
0.08000000000000000200
0.29999999999999999000
0.02000000000000000000
0.02000000000000000000
0.02999999999999999900
0.02000000000000000000
0.01200000000000000000
0.29999999999999999000
0.29999999999999999000

360.00000000000000000000
235.00000000000000000000

0.16000000000000000000
0.34999999999999998000
1.20000000000000000000
0.02500000000000000100
0.01000000000000000000
0.08000000000000000200
0.29999999999999999000
0.02000000000000000000
0.01000000000000000000
0.04000000000000000100
0.02000000000000000000
0.00000000000000000000
0.29999999999999999000
0.29999999999999999000

360.00000000000000000000
235.00000000000000000000

0.16000000000000000000
0.34999999999999998000
1.20000000000000000000
0.02500000000000000100
0.02000000000000000000
0.08000000000000000200
0.29999999999999999000
0.02000000000000000000
0.01000000000000000000
0.02999999999999999900
0.02000000000000000000
0.00000000000000000000
0.29999999999999999000
0.29999999999999999000

360.00000000000000000000
235.00000000000000000000

0.16000000000000000000
0.34999999999999998000
1.20000000000000000000
0.02500000000000000100
0.02000000000000000000
0.08000000000000000200
0.29999999999999999000
0.02000000000000000000
0.01000000000000000000
0.02999999999999999900
0.02000000000000000000
0.00000000000000000000
0.29999999999999999000
0.29999999999999999000

260.00000000000000000000
235.00000000000000000000

0.16000000000000000000
0.34999999999999998000
0.40000000000000002000
0.02999999999999999900
0.02500000000000000100
0.08000000000000000200
0.29999999999999999000
0.02000000000000000000
0.01000000000000000000
0.02999999999999999900
0.02000000000000000000
0.00000000000000000000
0.29999999999999999000
0.29999999999999999000

360.00000000000000000000
235.00000000000000000000

