0.14000000000000001000
1.30000000000000000000
0.10000000000000001000
0.33000000000000002000
0.05000000000000000300
0.00000000000000000000
0.00000000000000000000
0.00000000000000000000
0.00000000000000000000
0.00000000000000000000
0.00000000000000000000
0.00000000000000000000

380.00000000000000000000
203.00000000000000000000
0.14000000000000001000
1.30000000000000000000
0.11000000000000000000
0.33000000000000002000
0.05000000000000000300
0.00000000000000000000
0.00000000000000000000
0.00000000000000000000
0.00000000000000000000
0.00000000000000000000
0.00000000000000000000
0.00000000000000000000

380.00000000000000000000
203.00000000000000000000
0.16000000000000000000
1.39999999999999990000
0.02500000000000000100
0.01499999999999999900
0.40000000000000002000
0.29999999999999999000
0.29999999999999999000
0.08000000000000000200
0.02500000000000000100
0.02500000000000000100
0.00000000000000000000
0.02000000000000000000

390.00000000000000000000
203.00000000000000000000
0.71999999999999997000
0.90000000000000002000
0.03500000000000000300
0.03500000000000000300
0.34999999999999998000
0.00000000000000000000
0.00000000000000000000
0.00000000000000000000
0.00000000000000000000
0.00000000000000000000
0.00000000000000000000
0.00000000000000000000

640.00000000000000000000
200.00000000000000000000
0.41999999999999998000
0.50000000000000000000
0.02999999999999999900
0.02999999999999999900
1.20000000000000000000
0.00000000000000000000
5.50000000000000000000
1.39999999999999990000
0.50000000000000000000
0.00000000000000000000
0.00000000000000000000
0.00000000000000000000

-1.00000000000000000000
-1.00000000000000000000
0.08000000000000000200
1.00000000000000000000
0.04499999999999999800
0.02999999999999999900
1.00000000000000000000
0.00000000000000000000
17.50000000000000000000
0.00000000000000000000
0.00000000000000000000
0.00000000000000000000
0.00000000000000000000
0.00000000000000000000

560.00000000000000000000
220.00000000000000000000
0.50000000000000000000
0.59999999999999998000
0.04000000000000000100
0.02999999999999999900
3.29999999999999980000
0.50000000000000000000
10.00000000000000000000
0.00000000000000000000
0.00000000000000000000
0.00000000000000000000
0.00000000000000000000
0.00000000000000000000

900.00000000000000000000
210.00000000000000000000
0.08000000000000000200
2.00000000000000000000
0.03500000000000000300
0.01499999999999999900
0.75000000000000000000
14.00000000000000000000
18.00000000000000000000
2.50000000000000000000
0.00000000000000000000
0.00000000000000000000
0.00000000000000000000
0.00000000000000000000

490.00000000000000000000
196.00000000000000000000
0.75000000000000000000
0.80000000000000004000
0.03500000000000000300
0.03500000000000000300
1.80000000000000000000
0.00000000000000000000
0.00000000000000000000
0.00000000000000000000
0.00000000000000000000
0.00000000000000000000
0.00000000000000000000
0.00000000000000000000

600.00000000000000000000
200.00000000000000000000
0.20000000000000001000
0.90000000000000002000
0.03500000000000000300
0.02999999999999999900
0.34999999999999998000
0.29999999999999999000
0.25000000000000000000
0.34999999999999998000
0.00000000000000000000
0.00000000000000000000
0.00000000000000000000
0.00000000000000000000

440.00000000000000000000
210.00000000000000000000
0.34000000000000002000
0.59999999999999998000
0.03500000000000000300
0.03500000000000000300
0.40000000000000002000
2.20000000000000020000
2.20000000000000020000
0.50000000000000000000
0.00000000000000000000
0.00000000000000000000
0.00000000000000000000
0.00000000000000000000

800.00000000000000000000
205.00000000000000000000
0.38000000000000000000
0.80000000000000004000
0.03500000000000000300
0.03500000000000000300
0.40000000000000002000
1.70000000000000000000
1.70000000000000000000
0.29999999999999999000
0.00000000000000000000
0.00000000000000000000
0.00000000000000000000
0.00000000000000000000

800.00000000000000000000
210.00000000000000000000
0.23000000000000001000
0.59999999999999998000
0.04000000000000000100
0.05000000000000000300
0.00000000000000000000
0.00000000000000000000
0.00000000000000000000
0.00000000000000000000
0.00000000000000000000
0.00000000000000000000
0.00000000000000000000
0.00000000000000000000

345.00000000000000000000
200.00000000000000000000
0.14999999999999999000
0.69999999999999996000
0.02500000000000000100
0.01499999999999999900
0.37000000000000000000
0.29999999999999999000
0.69999999999999996000
0.55000000000000004000
0.00000000000000000000
0.00000000000000000000
0.00000000000000000000
0.00000000000000000000

410.00000000000000000000
203.00000000000000000000
